# planner text dump -- m3-shadow-calibration-v1 emitter
# topology_hash = 20260907
# cache_condition = unknown
# physical_traffic_note: OS cache state and controller traffic were not flushed or inferred
resource 101 0 201 16 1073741824
resource 201 1 0 16 1073741824
resource 102 0 202 16 1073741824
resource 202 1 0 16 1073741824
resource 103 0 0 16 1073741824
profile 101 2 1 1986903681 0 2528700 8 950000
profile 101 2 2 6616926050 0 5057200 8 950000
profile 101 2 3 8298311992 0 7400700 8 950000
profile 102 2 1 1552971406 0 15424600 8 950000
profile 102 2 2 6603838183 0 2929800 8 950000
profile 102 2 3 7230428866 0 10833400 8 950000
profile 103 2 1 43748656 0 197194300 8 950000
profile 103 2 2 5100581739 0 14647400 8 950000
profile 103 2 3 5616133497 0 35514900 8 950000
