# planner text dump -- m3-shadow-calibration-v1 emitter
# topology_hash = 20260908
# manifest_sha256 = 283348c0e1c7764e183594bdae99121ee376bb5b9bf722e7ff3fb4615d608150
# cache_condition = unknown
# io_mode = buffered_os_read
# range_reuse = True
# configuration_status = shadow_only
# host_memory_method = host_memcpy
# physical_traffic_note: OS cache state and controller traffic were not flushed or inferred
resource 101 0 201 1 31850496
resource 201 1 901 1 31850496
resource 901 2 0 1 31850496
resource 102 0 202 1 31850496
resource 202 1 901 1 31850496
profile 101 3 0 3499170099 0 312300 16 950000
profile 101 3 1 4983648255 0 866700 16 950000
profile 101 3 2 6762277482 0 1584900 16 950000
profile 101 3 3 8098733337 0 8869900 16 950000
profile 102 3 0 3377177211 0 277200 16 950000
profile 102 3 1 4784907270 0 934600 16 950000
profile 102 3 2 6629822496 0 1877200 16 950000
profile 102 3 3 5211285242 0 10784300 16 950000
profile 201 3 0 2840041373 0 1315800 16 950000
profile 201 3 1 3221989712 0 1932700 16 950000
profile 201 3 2 5111188031 0 2538400 16 950000
profile 201 3 3 5168951234 0 10521000 16 950000
profile 202 3 0 2813772339 0 606400 16 950000
profile 202 3 1 3321773810 0 1603100 16 950000
profile 202 3 2 5167410291 0 2570500 16 950000
profile 202 3 3 5056020509 0 10269700 16 950000
profile 901 3 1 4193254823 0 1919600 16 950000
profile 901 3 2 5313641080 0 3064000 16 950000
profile 901 3 3 5353688125 0 10137200 16 950000
memory_dom 500 0 8285812143 2
profile 500 3 0 8285812143 0 2387300 16 950000
cpu_island 400 500 6 10 1
