-1 60 128
-2 1 3815245270
17 119 454
17 85 399
17 5 182
17 63 166
17 100 164
17 93 160
17 69 139
17 75 136
17 36 130
17 124 70
17 65 67
17 30 60
17 35 58
17 123 55
17 18 54
17 6 51
17 42 43
17 19 41
17 51 38
17 67 37
17 102 34
17 11 32
17 54 30
17 95 30
17 108 30
17 57 26
17 105 26
18 24 391
18 10 388
18 116 327
18 5 147
18 40 127
18 104 118
18 125 112
18 9 108
18 58 106
18 48 96
18 90 90
18 94 85
18 53 77
18 73 66
18 28 65
18 50 51
18 16 50
18 82 50
18 112 47
18 27 45
18 0 43
18 71 42
18 92 42
18 64 40
19 101 465
19 6 310
19 62 282
19 30 215
19 97 170
19 1 162
19 87 128
19 94 125
19 61 113
19 90 112
19 31 95
19 120 95
19 44 92
19 77 65
19 68 64
19 64 60
19 88 58
19 79 49
19 60 47
20 92 342
20 78 271
20 124 209
20 45 187
20 30 182
20 117 151
20 74 127
20 99 118
20 123 116
20 62 93
20 104 93
20 73 82
20 121 76
20 69 70
20 105 70
20 22 60
20 41 60
20 118 48
20 21 46
20 75 45
20 97 43
20 42 41
20 36 40
20 113 39
20 24 36
20 102 36
20 127 35
21 44 443
21 84 399
21 32 243
21 87 214
21 119 182
21 86 130
21 5 127
21 8 110
21 31 103
21 0 97
21 45 90
21 18 86
21 40 86
21 12 83
21 68 67
21 78 58
21 21 55
21 125 52
21 16 37
21 83 34
22 31 458
22 103 374
22 23 246
22 79 190
22 56 150
22 15 115
22 34 101
22 105 98
22 58 94
22 94 90
22 59 77
22 97 70
22 57 67
22 66 67
22 68 66
22 21 64
22 54 60
22 126 45
22 75 44
22 3 43
22 123 40
22 82 37
22 115 37
22 20 36
22 52 35
