-1 60 128
-2 1 3815245270
49 126 190
49 61 188
49 108 172
49 36 153
49 46 141
49 98 116
49 0 109
49 72 109
49 83 92
49 84 89
49 37 88
49 50 75
49 35 70
49 113 65
49 75 64
49 58 55
49 3 54
49 12 53
49 104 50
49 19 49
49 44 45
49 47 44
49 43 42
49 24 41
49 31 41
49 118 41
49 68 40
49 127 38
49 78 36
49 92 36
49 73 35
49 124 35
49 6 32
49 17 31
49 32 31
49 51 30
49 97 30
49 9 29
49 111 28
49 112 28
49 5 27
49 77 27
49 27 26
49 8 24
49 65 24
49 39 23
49 80 23
49 91 22
49 115 21
49 13 20
49 40 20
49 62 20
49 107 20
49 59 18
49 49 17
49 86 17
49 119 17
49 70 16
49 95 15
49 117 15
49 96 14
49 116 14
49 20 13
49 28 13
49 101 13
49 88 12
49 33 11
49 34 11
49 60 11
49 100 11
49 114 11
49 21 10
49 54 9
49 109 8
49 22 7
49 53 7
49 11 6
49 48 6
49 66 6
49 67 6
49 69 6
49 10 5
49 38 5
49 79 5
49 120 5
49 103 4
49 110 4
49 121 4
49 26 3
49 87 3
49 25 2
49 29 2
49 90 2
49 105 2
49 4 1
49 64 1
49 74 1
49 93 1
49 106 1
49 122 1
49 1 1
49 2 1
49 7 1
49 14 1
49 15 1
49 16 1
49 18 1
49 23 1
49 30 1
49 41 1
49 42 1
49 45 1
49 52 1
49 55 1
49 56 1
49 57 1
49 63 1
49 71 1
49 76 1
49 81 1
49 82 1
49 85 1
49 89 1
49 94 1
49 99 1
49 102 1
49 123 1
49 125 1
